# Force and moment coefficients
# dragDir     : (1.000000e+00 0.000000e+00 0.000000e+00)
# sideDir     : (0.000000e+00 1.000000e+00 0.000000e+00)
# liftDir     : (0.000000e+00 0.000000e+00 1.000000e+00)
# rollAxis    : (1.000000e+00 0.000000e+00 0.000000e+00)
# pitchAxis   : (0.000000e+00 1.000000e+00 0.000000e+00)
# yawAxis     : (0.000000e+00 0.000000e+00 1.000000e+00)
# magUInf     : 1.000000e+00
# lRef        : 2.000000e+00
# Aref        : 2.000000e+00
# CofR        : (0.000000e+00 0.000000e+00 0.000000e+00)
#
# Time        	Cd            
1             	5.694423e-05
2             	7.427075e-05
3             	7.844910e-05
4             	9.340805e-05
5             	1.058374e-04
6             	1.180693e-04
7             	1.303821e-04
8             	1.428367e-04
9             	1.562606e-04
10            	1.700935e-04
11            	1.841108e-04
12            	1.984851e-04
13            	2.136333e-04
14            	2.294432e-04
15            	2.458914e-04
16            	2.630047e-04
17            	2.807806e-04
18            	2.991652e-04
19            	3.182261e-04
20            	3.379171e-04
21            	3.582427e-04
22            	3.792196e-04
23            	4.008159e-04
24            	4.230442e-04
25            	4.459115e-04
26            	4.694089e-04
27            	4.935225e-04
28            	5.182853e-04
29            	5.436926e-04
30            	5.697405e-04
31            	5.964306e-04
32            	6.237353e-04
33            	6.516840e-04
34            	6.802256e-04
35            	7.093417e-04
36            	7.389850e-04
37            	7.691145e-04
38            	7.996710e-04
39            	8.305991e-04
40            	8.618413e-04
41            	8.933312e-04
42            	9.250075e-04
43            	9.568032e-04
44            	9.886481e-04
45            	1.020474e-03
46            	1.052210e-03
47            	1.083797e-03
48            	1.115174e-03
49            	1.146273e-03
50            	1.177034e-03
51            	1.207407e-03
52            	1.237344e-03
53            	1.266790e-03
54            	1.295717e-03
55            	1.324074e-03
56            	1.351838e-03
57            	1.378977e-03
58            	1.405463e-03
59            	1.431281e-03
60            	1.456417e-03
61            	1.480855e-03
62            	1.504590e-03
63            	1.527614e-03
64            	1.549920e-03
65            	1.571517e-03
66            	1.592397e-03
67            	1.612570e-03
68            	1.632030e-03
69            	1.650794e-03
70            	1.668869e-03
71            	1.686263e-03
72            	1.702977e-03
73            	1.719033e-03
74            	1.734432e-03
75            	1.749190e-03
76            	1.763316e-03
77            	1.776822e-03
78            	1.789721e-03
79            	1.802021e-03
80            	1.813876e-03
81            	1.825002e-03
82            	1.835661e-03
83            	1.845766e-03
84            	1.855286e-03
85            	1.864239e-03
86            	1.872642e-03
87            	1.880511e-03
88            	1.887859e-03
89            	1.894702e-03
90            	1.901044e-03
91            	1.906911e-03
92            	1.912301e-03
93            	1.917227e-03
94            	1.921709e-03
95            	1.925750e-03
96            	1.929365e-03
97            	1.932564e-03
98            	1.935364e-03
99            	1.937771e-03
100           	1.939802e-03
101           	1.941465e-03
102           	1.942782e-03
103           	1.943757e-03
104           	1.944409e-03
105           	1.944745e-03
106           	1.944780e-03
107           	1.944526e-03
108           	1.943994e-03
109           	1.943189e-03
110           	1.942126e-03
111           	1.940810e-03
112           	1.939259e-03
113           	1.937474e-03
114           	1.935468e-03
115           	1.933251e-03
116           	1.930828e-03
117           	1.928213e-03
118           	1.925403e-03
119           	1.922422e-03
120           	1.919261e-03
121           	1.915934e-03
122           	1.912512e-03
123           	1.908897e-03
124           	1.905199e-03
125           	1.901387e-03
126           	1.897375e-03
127           	1.893294e-03
128           	1.889118e-03
129           	1.884834e-03
130           	1.880435e-03
131           	1.875928e-03
132           	1.871317e-03
133           	1.866604e-03
134           	1.861788e-03
135           	1.856789e-03
136           	1.851742e-03
137           	1.846628e-03
138           	1.841434e-03
139           	1.836147e-03
140           	1.830770e-03
141           	1.825320e-03
142           	1.819688e-03
143           	1.814040e-03
144           	1.808323e-03
145           	1.802431e-03
146           	1.796524e-03
147           	1.790443e-03
148           	1.784257e-03
149           	1.777986e-03
150           	1.771725e-03
151           	1.765342e-03
152           	1.758862e-03
153           	1.752310e-03
154           	1.745678e-03
155           	1.738979e-03
156           	1.732201e-03
157           	1.725366e-03
158           	1.718481e-03
159           	1.711556e-03
160           	1.704571e-03
161           	1.697526e-03
162           	1.690438e-03
163           	1.683313e-03
164           	1.676156e-03
165           	1.668964e-03
166           	1.661753e-03
167           	1.654536e-03
168           	1.647302e-03
169           	1.640063e-03
170           	1.632815e-03
171           	1.625550e-03
172           	1.618270e-03
173           	1.610982e-03
174           	1.603687e-03
175           	1.596391e-03
176           	1.589102e-03
177           	1.581829e-03
178           	1.574562e-03
179           	1.567317e-03
180           	1.560083e-03
181           	1.553100e-03
182           	1.546247e-03
183           	1.539219e-03
184           	1.532088e-03
185           	1.525159e-03
186           	1.518350e-03
187           	1.511384e-03
188           	1.504542e-03
189           	1.497798e-03
190           	1.490886e-03
191           	1.484111e-03
192           	1.477428e-03
193           	1.470795e-03
194           	1.464178e-03
195           	1.457585e-03
196           	1.451031e-03
197           	1.444504e-03
198           	1.437998e-03
199           	1.431494e-03
200           	1.425014e-03
201           	1.418550e-03
202           	1.412110e-03
203           	1.405694e-03
204           	1.399307e-03
205           	1.392938e-03
206           	1.386574e-03
207           	1.380222e-03
208           	1.373877e-03
209           	1.367552e-03
210           	1.361265e-03
211           	1.355003e-03
212           	1.348766e-03
213           	1.342554e-03
214           	1.336379e-03
215           	1.330225e-03
216           	1.324099e-03
217           	1.317989e-03
218           	1.311886e-03
219           	1.305814e-03
220           	1.299769e-03
221           	1.293756e-03
222           	1.287781e-03
223           	1.281833e-03
224           	1.275917e-03
225           	1.270009e-03
226           	1.264127e-03
227           	1.258274e-03
228           	1.252432e-03
229           	1.246601e-03
230           	1.240786e-03
231           	1.235000e-03
232           	1.229229e-03
233           	1.223488e-03
234           	1.217784e-03
235           	1.212130e-03
236           	1.206528e-03
237           	1.200965e-03
238           	1.195428e-03
239           	1.189919e-03
240           	1.184424e-03
241           	1.178954e-03
242           	1.173513e-03
243           	1.168106e-03
244           	1.162741e-03
245           	1.157405e-03
246           	1.152098e-03
247           	1.146817e-03
248           	1.141567e-03
249           	1.136340e-03
250           	1.131140e-03
251           	1.125965e-03
252           	1.120819e-03
253           	1.115709e-03
254           	1.110631e-03
255           	1.105580e-03
256           	1.100555e-03
257           	1.095549e-03
258           	1.090586e-03
259           	1.085655e-03
260           	1.080745e-03
261           	1.075864e-03
262           	1.071007e-03
263           	1.066176e-03
264           	1.061377e-03
265           	1.056619e-03
266           	1.051895e-03
267           	1.047203e-03
268           	1.042541e-03
269           	1.037904e-03
270           	1.033290e-03
271           	1.028719e-03
272           	1.024200e-03
273           	1.019722e-03
274           	1.015279e-03
275           	1.010861e-03
276           	1.006470e-03
277           	1.002112e-03
278           	9.977721e-04
279           	9.934567e-04
280           	9.891748e-04
281           	9.849202e-04
282           	9.806861e-04
283           	9.764894e-04
284           	9.723442e-04
285           	9.682344e-04
286           	9.641465e-04
287           	9.600804e-04
288           	9.560395e-04
289           	9.520331e-04
290           	9.480601e-04
291           	9.440918e-04
292           	9.401496e-04
293           	9.362467e-04
294           	9.323549e-04
295           	9.284671e-04
296           	9.246019e-04
297           	9.207668e-04
298           	9.169463e-04
299           	9.131473e-04
300           	9.093681e-04
301           	9.056109e-04
302           	9.018854e-04
303           	8.981828e-04
304           	8.945051e-04
305           	8.908555e-04
306           	8.872298e-04
307           	8.836233e-04
308           	8.800753e-04
309           	8.766021e-04
310           	8.731652e-04
311           	8.697417e-04
312           	8.663725e-04
313           	8.630650e-04
314           	8.598182e-04
315           	8.566231e-04
316           	8.534804e-04
317           	8.503775e-04
318           	8.473134e-04
319           	8.442836e-04
320           	8.412909e-04
321           	8.383103e-04
322           	8.353563e-04
323           	8.324291e-04
324           	8.295331e-04
325           	8.266654e-04
326           	8.238263e-04
327           	8.210107e-04
328           	8.182216e-04
329           	8.154594e-04
330           	8.127322e-04
331           	8.100370e-04
332           	8.073631e-04
333           	8.047049e-04
334           	8.020694e-04
335           	7.994673e-04
336           	7.968993e-04
337           	7.943596e-04
338           	7.918476e-04
339           	7.893623e-04
340           	7.869022e-04
341           	7.844623e-04
342           	7.820375e-04
343           	7.796262e-04
344           	7.772334e-04
345           	7.748636e-04
346           	7.725197e-04
347           	7.701996e-04
348           	7.679049e-04
349           	7.656339e-04
350           	7.633882e-04
351           	7.611684e-04
352           	7.589723e-04
353           	7.567978e-04
354           	7.546399e-04
355           	7.524947e-04
356           	7.503594e-04
357           	7.482376e-04
358           	7.461291e-04
359           	7.440347e-04
360           	7.419587e-04
361           	7.399004e-04
362           	7.378580e-04
363           	7.358360e-04
364           	7.338336e-04
365           	7.318495e-04
366           	7.298818e-04
367           	7.279277e-04
368           	7.260633e-04
369           	7.242096e-04
370           	7.223639e-04
371           	7.205272e-04
372           	7.186980e-04
373           	7.168055e-04
374           	7.150011e-04
375           	7.132108e-04
376           	7.114335e-04
377           	7.096685e-04
378           	7.079155e-04
379           	7.061787e-04
380           	7.044580e-04
381           	7.027507e-04
382           	7.010554e-04
383           	6.993734e-04
384           	6.977024e-04
385           	6.960423e-04
386           	6.943264e-04
387           	6.926937e-04
388           	6.910814e-04
389           	6.894862e-04
390           	6.878428e-04
391           	6.862146e-04
392           	6.846057e-04
393           	6.830190e-04
394           	6.814544e-04
395           	6.799102e-04
396           	6.783846e-04
397           	6.768780e-04
398           	6.753890e-04
399           	6.739191e-04
400           	6.724661e-04
401           	6.710275e-04
402           	6.696048e-04
403           	6.681989e-04
404           	6.668068e-04
405           	6.654272e-04
406           	6.640613e-04
407           	6.627098e-04
408           	6.613715e-04
409           	6.600482e-04
410           	6.587366e-04
411           	6.574362e-04
412           	6.561492e-04
413           	6.548757e-04
414           	6.536138e-04
415           	6.523632e-04
416           	6.511237e-04
417           	6.498960e-04
418           	6.486883e-04
419           	6.474922e-04
420           	6.463137e-04
421           	6.451497e-04
422           	6.440046e-04
423           	6.428688e-04
424           	6.417499e-04
425           	6.406484e-04
426           	6.395624e-04
427           	6.384937e-04
428           	6.374391e-04
429           	6.363974e-04
430           	6.353710e-04
431           	6.343623e-04
432           	6.333673e-04
433           	6.323779e-04
434           	6.313956e-04
435           	6.304217e-04
436           	6.294614e-04
437           	6.285128e-04
438           	6.275714e-04
439           	6.266397e-04
440           	6.257173e-04
441           	6.248053e-04
442           	6.239039e-04
443           	6.230124e-04
444           	6.221317e-04
445           	6.212620e-04
446           	6.204010e-04
447           	6.195489e-04
448           	6.187060e-04
449           	6.178713e-04
450           	6.170448e-04
451           	6.162266e-04
452           	6.154163e-04
453           	6.146137e-04
454           	6.138186e-04
455           	6.130304e-04
456           	6.122494e-04
457           	6.114753e-04
458           	6.107072e-04
459           	6.099451e-04
460           	6.091890e-04
461           	6.084391e-04
462           	6.076961e-04
463           	6.069600e-04
464           	6.062297e-04
465           	6.055050e-04
466           	6.047868e-04
467           	6.040751e-04
468           	6.033694e-04
469           	6.026705e-04
470           	6.019779e-04
471           	6.012911e-04
472           	6.006099e-04
473           	5.999340e-04
474           	5.992636e-04
475           	5.985987e-04
476           	5.979393e-04
477           	5.972857e-04
478           	5.966383e-04
479           	5.959962e-04
480           	5.953591e-04
481           	5.947276e-04
482           	5.941018e-04
483           	5.934824e-04
484           	5.928684e-04
485           	5.922599e-04
486           	5.916573e-04
487           	5.910593e-04
488           	5.904662e-04
489           	5.898785e-04
490           	5.892952e-04
491           	5.887161e-04
492           	5.881419e-04
493           	5.875732e-04
494           	5.870091e-04
495           	5.864502e-04
496           	5.858965e-04
497           	5.853475e-04
498           	5.848219e-04
499           	5.843027e-04
500           	5.837881e-04
501           	5.832772e-04
502           	5.827703e-04
503           	5.822673e-04
504           	5.817687e-04
505           	5.812743e-04
506           	5.807838e-04
507           	5.802969e-04
508           	5.798138e-04
509           	5.793345e-04
510           	5.788595e-04
511           	5.783891e-04
512           	5.779238e-04
513           	5.774632e-04
514           	5.770068e-04
515           	5.765544e-04
516           	5.761057e-04
517           	5.756602e-04
518           	5.752186e-04
519           	5.747807e-04
520           	5.743469e-04
521           	5.739171e-04
522           	5.734915e-04
523           	5.730698e-04
524           	5.726521e-04
525           	5.722382e-04
526           	5.718285e-04
527           	5.714233e-04
528           	5.710222e-04
529           	5.706255e-04
530           	5.702329e-04
531           	5.698438e-04
532           	5.694588e-04
533           	5.690783e-04
534           	5.687017e-04
535           	5.683287e-04
536           	5.679596e-04
537           	5.675950e-04
538           	5.672344e-04
539           	5.668775e-04
540           	5.665239e-04
541           	5.661727e-04
542           	5.658246e-04
543           	5.654795e-04
544           	5.651379e-04
545           	5.647999e-04
546           	5.644652e-04
547           	5.641339e-04
548           	5.638061e-04
549           	5.634821e-04
550           	5.631609e-04
551           	5.628424e-04
552           	5.625271e-04
553           	5.622152e-04
554           	5.619084e-04
555           	5.616060e-04
556           	5.613084e-04
557           	5.610143e-04
558           	5.607243e-04
559           	5.604374e-04
560           	5.601527e-04
561           	5.598717e-04
562           	5.595947e-04
563           	5.593201e-04
564           	5.590487e-04
565           	5.587813e-04
566           	5.585180e-04
567           	5.582592e-04
568           	5.580042e-04
569           	5.577515e-04
570           	5.575007e-04
571           	5.572509e-04
572           	5.570029e-04
573           	5.567578e-04
574           	5.565141e-04
575           	5.562726e-04
576           	5.560329e-04
577           	5.557954e-04
578           	5.555610e-04
579           	5.553290e-04
580           	5.550993e-04
581           	5.548713e-04
582           	5.546453e-04
583           	5.544211e-04
584           	5.541992e-04
585           	5.539802e-04
586           	5.537641e-04
587           	5.535496e-04
588           	5.533375e-04
589           	5.531268e-04
590           	5.529171e-04
591           	5.527090e-04
592           	5.525022e-04
593           	5.522963e-04
594           	5.520925e-04
595           	5.518909e-04
596           	5.516918e-04
597           	5.514946e-04
598           	5.512987e-04
599           	5.511047e-04
600           	5.509128e-04
601           	5.507225e-04
602           	5.505343e-04
603           	5.503489e-04
604           	5.501656e-04
605           	5.499842e-04
606           	5.498048e-04
607           	5.496280e-04
608           	5.494537e-04
609           	5.492813e-04
610           	5.491107e-04
611           	5.489419e-04
612           	5.487752e-04
613           	5.486111e-04
614           	5.484497e-04
615           	5.482903e-04
616           	5.481328e-04
617           	5.479770e-04
618           	5.478231e-04
619           	5.476711e-04
620           	5.475210e-04
621           	5.473728e-04
622           	5.472268e-04
623           	5.470827e-04
624           	5.469408e-04
625           	5.468012e-04
626           	5.466638e-04
627           	5.465286e-04
628           	5.463957e-04
629           	5.462650e-04
630           	5.461364e-04
631           	5.460099e-04
632           	5.458856e-04
633           	5.457634e-04
634           	5.456434e-04
635           	5.455253e-04
636           	5.454094e-04
637           	5.452956e-04
638           	5.451836e-04
639           	5.450737e-04
640           	5.449658e-04
641           	5.448599e-04
642           	5.447559e-04
643           	5.446540e-04
644           	5.445541e-04
645           	5.444561e-04
646           	5.443602e-04
647           	5.442661e-04
648           	5.441739e-04
649           	5.440835e-04
650           	5.439951e-04
651           	5.439083e-04
652           	5.438235e-04
653           	5.437403e-04
654           	5.436588e-04
655           	5.435792e-04
656           	5.435011e-04
657           	5.434247e-04
658           	5.433501e-04
659           	5.432771e-04
660           	5.432058e-04
661           	5.431360e-04
662           	5.430678e-04
663           	5.430011e-04
664           	5.429359e-04
665           	5.428724e-04
666           	5.428103e-04
667           	5.427496e-04
668           	5.426903e-04
669           	5.426321e-04
670           	5.425752e-04
671           	5.425193e-04
672           	5.424649e-04
673           	5.424117e-04
674           	5.423596e-04
675           	5.423090e-04
676           	5.422594e-04
677           	5.422109e-04
678           	5.421638e-04
679           	5.421178e-04
680           	5.420731e-04
681           	5.420296e-04
682           	5.419875e-04
683           	5.419465e-04
684           	5.419067e-04
685           	5.418681e-04
686           	5.418307e-04
687           	5.417944e-04
688           	5.417591e-04
689           	5.417250e-04
690           	5.416920e-04
691           	5.416601e-04
692           	5.416293e-04
693           	5.415995e-04
694           	5.415709e-04
695           	5.415434e-04
696           	5.415170e-04
697           	5.414917e-04
698           	5.414676e-04
699           	5.414446e-04
700           	5.414227e-04
701           	5.414019e-04
702           	5.413823e-04
703           	5.413638e-04
704           	5.413466e-04
705           	5.413305e-04
706           	5.413156e-04
707           	5.413018e-04
708           	5.412891e-04
709           	5.412774e-04
710           	5.412669e-04
711           	5.412574e-04
712           	5.412487e-04
713           	5.412410e-04
714           	5.412342e-04
715           	5.412283e-04
716           	5.412233e-04
717           	5.412178e-04
718           	5.412138e-04
719           	5.412110e-04
720           	5.412093e-04
721           	5.412086e-04
722           	5.412089e-04
723           	5.412102e-04
724           	5.412126e-04
725           	5.412160e-04
726           	5.412204e-04
727           	5.412257e-04
728           	5.412320e-04
729           	5.412392e-04
730           	5.412472e-04
731           	5.412560e-04
732           	5.412657e-04
733           	5.412761e-04
734           	5.412874e-04
735           	5.412994e-04
736           	5.413121e-04
737           	5.413255e-04
738           	5.413397e-04
739           	5.413544e-04
740           	5.413697e-04
741           	5.413856e-04
742           	5.414021e-04
743           	5.414190e-04
744           	5.414366e-04
745           	5.414545e-04
746           	5.414730e-04
747           	5.414918e-04
748           	5.415079e-04
749           	5.415248e-04
750           	5.415425e-04
751           	5.415608e-04
752           	5.415798e-04
753           	5.415995e-04
754           	5.416196e-04
755           	5.416402e-04
756           	5.416614e-04
757           	5.416831e-04
758           	5.417053e-04
759           	5.417280e-04
760           	5.417510e-04
761           	5.417745e-04
762           	5.417983e-04
763           	5.418223e-04
764           	5.418468e-04
765           	5.418718e-04
766           	5.418972e-04
767           	5.419232e-04
768           	5.419497e-04
769           	5.419765e-04
770           	5.420039e-04
771           	5.420316e-04
772           	5.420596e-04
773           	5.420881e-04
774           	5.421166e-04
775           	5.421454e-04
776           	5.421745e-04
777           	5.422037e-04
778           	5.422333e-04
779           	5.422631e-04
780           	5.422932e-04
781           	5.423233e-04
782           	5.423536e-04
783           	5.423840e-04
784           	5.424086e-04
785           	5.424336e-04
786           	5.424590e-04
787           	5.424848e-04
788           	5.425110e-04
789           	5.425378e-04
790           	5.425650e-04
791           	5.425926e-04
792           	5.426207e-04
793           	5.426490e-04
794           	5.426776e-04
795           	5.427065e-04
796           	5.427357e-04
797           	5.427653e-04
798           	5.427952e-04
799           	5.428255e-04
800           	5.428561e-04
801           	5.428870e-04
802           	5.429181e-04
803           	5.429494e-04
804           	5.429810e-04
805           	5.430127e-04
806           	5.430447e-04
807           	5.430768e-04
808           	5.431091e-04
809           	5.431416e-04
810           	5.431742e-04
811           	5.432068e-04
812           	5.432396e-04
813           	5.432726e-04
814           	5.433056e-04
815           	5.433387e-04
816           	5.433719e-04
817           	5.434051e-04
818           	5.434383e-04
819           	5.434715e-04
820           	5.435048e-04
821           	5.435380e-04
822           	5.435713e-04
823           	5.436045e-04
824           	5.436376e-04
825           	5.436708e-04
826           	5.437039e-04
827           	5.437369e-04
828           	5.437700e-04
829           	5.438029e-04
830           	5.438357e-04
831           	5.438685e-04
832           	5.439013e-04
833           	5.439340e-04
834           	5.439666e-04
835           	5.439991e-04
836           	5.440316e-04
837           	5.440639e-04
838           	5.440963e-04
839           	5.441285e-04
840           	5.441607e-04
841           	5.441928e-04
842           	5.442248e-04
843           	5.442567e-04
844           	5.442884e-04
845           	5.443200e-04
846           	5.443515e-04
847           	5.443827e-04
848           	5.444137e-04
849           	5.444445e-04
850           	5.444750e-04
851           	5.445054e-04
852           	5.445356e-04
853           	5.445655e-04
854           	5.445952e-04
855           	5.446248e-04
856           	5.446542e-04
857           	5.446833e-04
858           	5.447124e-04
859           	5.447412e-04
860           	5.447700e-04
861           	5.447985e-04
862           	5.448269e-04
863           	5.448551e-04
864           	5.448831e-04
865           	5.449109e-04
866           	5.449385e-04
867           	5.449659e-04
868           	5.449932e-04
869           	5.450204e-04
870           	5.450473e-04
871           	5.450742e-04
872           	5.451009e-04
873           	5.451275e-04
874           	5.451540e-04
875           	5.451803e-04
876           	5.452065e-04
877           	5.452326e-04
878           	5.452586e-04
879           	5.452844e-04
880           	5.453102e-04
881           	5.453357e-04
882           	5.453612e-04
883           	5.453866e-04
884           	5.454120e-04
885           	5.454375e-04
886           	5.454631e-04
887           	5.454889e-04
888           	5.455147e-04
889           	5.455405e-04
890           	5.455661e-04
891           	5.455914e-04
892           	5.456166e-04
893           	5.456416e-04
894           	5.456665e-04
895           	5.456913e-04
896           	5.457162e-04
897           	5.457410e-04
898           	5.457659e-04
899           	5.457906e-04
900           	5.458154e-04
901           	5.458400e-04
902           	5.458645e-04
903           	5.458888e-04
904           	5.459131e-04
905           	5.459371e-04
906           	5.459610e-04
907           	5.459847e-04
908           	5.460081e-04
909           	5.460314e-04
910           	5.460544e-04
911           	5.460772e-04
912           	5.460998e-04
913           	5.461221e-04
914           	5.461443e-04
915           	5.461661e-04
916           	5.461877e-04
917           	5.462089e-04
918           	5.462300e-04
919           	5.462510e-04
920           	5.462719e-04
921           	5.462928e-04
922           	5.463135e-04
923           	5.463339e-04
924           	5.463540e-04
925           	5.463738e-04
926           	5.463935e-04
927           	5.464130e-04
928           	5.464322e-04
929           	5.464512e-04
930           	5.464701e-04
931           	5.464887e-04
932           	5.465072e-04
933           	5.465254e-04
934           	5.465435e-04
935           	5.465614e-04
936           	5.465791e-04
937           	5.465966e-04
938           	5.466138e-04
939           	5.466309e-04
940           	5.466478e-04
941           	5.466644e-04
942           	5.466809e-04
943           	5.466971e-04
944           	5.467131e-04
945           	5.467289e-04
946           	5.467445e-04
947           	5.467598e-04
948           	5.467749e-04
949           	5.467898e-04
950           	5.468045e-04
951           	5.468190e-04
952           	5.468332e-04
953           	5.468473e-04
954           	5.468611e-04
955           	5.468747e-04
956           	5.468882e-04
957           	5.469014e-04
958           	5.469144e-04
959           	5.469273e-04
960           	5.469399e-04
961           	5.469523e-04
962           	5.469646e-04
963           	5.469766e-04
964           	5.469885e-04
965           	5.470002e-04
966           	5.470117e-04
967           	5.470230e-04
968           	5.470341e-04
969           	5.470451e-04
970           	5.470561e-04
971           	5.470671e-04
972           	5.470781e-04
973           	5.470890e-04
974           	5.470997e-04
975           	5.471102e-04
976           	5.471206e-04
977           	5.471307e-04
978           	5.471406e-04
979           	5.471503e-04
980           	5.471598e-04
981           	5.471691e-04
982           	5.471781e-04
983           	5.471870e-04
984           	5.471958e-04
985           	5.472045e-04
986           	5.472131e-04
987           	5.472215e-04
988           	5.472298e-04
989           	5.472380e-04
990           	5.472459e-04
991           	5.472536e-04
992           	5.472613e-04
993           	5.472688e-04
994           	5.472762e-04
995           	5.472835e-04
996           	5.472906e-04
997           	5.472975e-04
998           	5.473041e-04
999           	5.473106e-04
1000          	5.473170e-04
1001          	5.473232e-04
1002          	5.473293e-04
1003          	5.473354e-04
1004          	5.473413e-04
1005          	5.473470e-04
1006          	5.473526e-04
1007          	5.473579e-04
1008          	5.473630e-04
1009          	5.473680e-04
1010          	5.473715e-04
1011          	5.473749e-04
1012          	5.473781e-04
1013          	5.473812e-04
1014          	5.473841e-04
1015          	5.473869e-04
1016          	5.473896e-04
1017          	5.473920e-04
1018          	5.473943e-04
1019          	5.473964e-04
1020          	5.473983e-04
1021          	5.474000e-04
1022          	5.474015e-04
1023          	5.474027e-04
1024          	5.474038e-04
1025          	5.474046e-04
1026          	5.474051e-04
1027          	5.474055e-04
1028          	5.474057e-04
1029          	5.474057e-04
1030          	5.474055e-04
1031          	5.474051e-04
1032          	5.474045e-04
1033          	5.474038e-04
1034          	5.474029e-04
1035          	5.474019e-04
1036          	5.474007e-04
1037          	5.473995e-04
1038          	5.473981e-04
1039          	5.473966e-04
1040          	5.473951e-04
1041          	5.473934e-04
1042          	5.473917e-04
1043          	5.473899e-04
1044          	5.473881e-04
1045          	5.473862e-04
1046          	5.473842e-04
1047          	5.473823e-04
1048          	5.473803e-04
1049          	5.473783e-04
1050          	5.473763e-04
1051          	5.473742e-04
1052          	5.473721e-04
1053          	5.473699e-04
1054          	5.473677e-04
1055          	5.473655e-04
1056          	5.473633e-04
1057          	5.473611e-04
1058          	5.473589e-04
1059          	5.473567e-04
1060          	5.473545e-04
1061          	5.473524e-04
1062          	5.473501e-04
1063          	5.473480e-04
1064          	5.473458e-04
1065          	5.473437e-04
1066          	5.473416e-04
1067          	5.473395e-04
1068          	5.473375e-04
1069          	5.473356e-04
1070          	5.473337e-04
1071          	5.473317e-04
1072          	5.473298e-04
1073          	5.473280e-04
1074          	5.473262e-04
1075          	5.473244e-04
1076          	5.473226e-04
1077          	5.473209e-04
1078          	5.473191e-04
1079          	5.473175e-04
1080          	5.473158e-04
1081          	5.473142e-04
1082          	5.473126e-04
1083          	5.473111e-04
1084          	5.473096e-04
1085          	5.473081e-04
1086          	5.473067e-04
1087          	5.473053e-04
1088          	5.473039e-04
1089          	5.473026e-04
1090          	5.473013e-04
1091          	5.473001e-04
1092          	5.472989e-04
1093          	5.472977e-04
1094          	5.472965e-04
1095          	5.472953e-04
1096          	5.472942e-04
1097          	5.472930e-04
1098          	5.472920e-04
1099          	5.472908e-04
1100          	5.472897e-04
1101          	5.472887e-04
1102          	5.472883e-04
1103          	5.472879e-04
1104          	5.472868e-04
1105          	5.472864e-04
1106          	5.472861e-04
1107          	5.472857e-04
1108          	5.472853e-04
1109          	5.472841e-04
1110          	5.472838e-04
1111          	5.472834e-04
1112          	5.472821e-04
1113          	5.472817e-04
1114          	5.472802e-04
1115          	5.472798e-04
1116          	5.472781e-04
1117          	5.472777e-04
1118          	5.472772e-04
1119          	5.472752e-04
1120          	5.472747e-04
1121          	5.472725e-04
1122          	5.472719e-04
1123          	5.472693e-04
1124          	5.472687e-04
1125          	5.472680e-04
1126          	5.472650e-04
1127          	5.472643e-04
1128          	5.472609e-04
1129          	5.472601e-04
1130          	5.472593e-04
1131          	5.472584e-04
1132          	5.472544e-04
1133          	5.472536e-04
1134          	5.472525e-04
1135          	5.472515e-04
1136          	5.472505e-04
1137          	5.472494e-04
1138          	5.472483e-04
1139          	5.472472e-04
1140          	5.472460e-04
1141          	5.472449e-04
1142          	5.472437e-04
1143          	5.472425e-04
1144          	5.472412e-04
1145          	5.472400e-04
1146          	5.472387e-04
1147          	5.472374e-04
1148          	5.472360e-04
1149          	5.472346e-04
1150          	5.472332e-04
1151          	5.472318e-04
1152          	5.472304e-04
1153          	5.472289e-04
1154          	5.472274e-04
1155          	5.472258e-04
1156          	5.472243e-04
1157          	5.472227e-04
1158          	5.472211e-04
1159          	5.472194e-04
1160          	5.472178e-04
1161          	5.472161e-04
1162          	5.472144e-04
1163          	5.472126e-04
1164          	5.472109e-04
1165          	5.472091e-04
1166          	5.472073e-04
1167          	5.472055e-04
1168          	5.472037e-04
1169          	5.472018e-04
1170          	5.471999e-04
1171          	5.471980e-04
1172          	5.471961e-04
1173          	5.471942e-04
1174          	5.471922e-04
1175          	5.471902e-04
1176          	5.471882e-04
1177          	5.471862e-04
1178          	5.471842e-04
1179          	5.471822e-04
1180          	5.471801e-04
1181          	5.471780e-04
1182          	5.471759e-04
1183          	5.471738e-04
1184          	5.471717e-04
1185          	5.471696e-04
1186          	5.471674e-04
1187          	5.471653e-04
1188          	5.471631e-04
1189          	5.471609e-04
1190          	5.471587e-04
1191          	5.471565e-04
1192          	5.471543e-04
1193          	5.471520e-04
1194          	5.471498e-04
1195          	5.471476e-04
1196          	5.471453e-04
1197          	5.471431e-04
1198          	5.471408e-04
1199          	5.471385e-04
1200          	5.471363e-04
1201          	5.471340e-04
1202          	5.471317e-04
1203          	5.471294e-04
1204          	5.471272e-04
1205          	5.471249e-04
1206          	5.471226e-04
1207          	5.471203e-04
1208          	5.471180e-04
1209          	5.471157e-04
1210          	5.471134e-04
1211          	5.471112e-04
1212          	5.471089e-04
1213          	5.471066e-04
1214          	5.471043e-04
1215          	5.471020e-04
1216          	5.470997e-04
1217          	5.470974e-04
1218          	5.470952e-04
1219          	5.470929e-04
1220          	5.470906e-04
1221          	5.470883e-04
1222          	5.470861e-04
1223          	5.470838e-04
1224          	5.470815e-04
1225          	5.470793e-04
1226          	5.470770e-04
1227          	5.470748e-04
1228          	5.470725e-04
1229          	5.470703e-04
1230          	5.470681e-04
1231          	5.470658e-04
1232          	5.470636e-04
1233          	5.470614e-04
1234          	5.470591e-04
1235          	5.470569e-04
1236          	5.470547e-04
1237          	5.470525e-04
1238          	5.470503e-04
1239          	5.470481e-04
1240          	5.470460e-04
1241          	5.470438e-04
1242          	5.470416e-04
1243          	5.470395e-04
1244          	5.470374e-04
1245          	5.470352e-04
1246          	5.470331e-04
1247          	5.470310e-04
1248          	5.470289e-04
1249          	5.470268e-04
1250          	5.470248e-04
1251          	5.470227e-04
1252          	5.470207e-04
1253          	5.470187e-04
1254          	5.470167e-04
1255          	5.470147e-04
1256          	5.470127e-04
1257          	5.470108e-04
1258          	5.470088e-04
1259          	5.470069e-04
1260          	5.470050e-04
1261          	5.470031e-04
1262          	5.470012e-04
1263          	5.469994e-04
1264          	5.469975e-04
1265          	5.469957e-04
1266          	5.469939e-04
1267          	5.469921e-04
1268          	5.469904e-04
1269          	5.469886e-04
1270          	5.469869e-04
1271          	5.469852e-04
1272          	5.469835e-04
1273          	5.469818e-04
1274          	5.469801e-04
1275          	5.469785e-04
1276          	5.469769e-04
1277          	5.469753e-04
1278          	5.469737e-04
1279          	5.469721e-04
1280          	5.469706e-04
1281          	5.469691e-04
1282          	5.469675e-04
1283          	5.469661e-04
1284          	5.469646e-04
1285          	5.469631e-04
1286          	5.469617e-04
1287          	5.469603e-04
1288          	5.469589e-04
1289          	5.469575e-04
1290          	5.469561e-04
1291          	5.469547e-04
1292          	5.469534e-04
1293          	5.469521e-04
1294          	5.469508e-04
1295          	5.469495e-04
1296          	5.469482e-04
1297          	5.469469e-04
1298          	5.469457e-04
1299          	5.469445e-04
1300          	5.469433e-04
1301          	5.469421e-04
1302          	5.469409e-04
1303          	5.469397e-04
1304          	5.469386e-04
1305          	5.469374e-04
1306          	5.469363e-04
1307          	5.469352e-04
1308          	5.469341e-04
1309          	5.469330e-04
1310          	5.469320e-04
1311          	5.469309e-04
1312          	5.469299e-04
1313          	5.469288e-04
1314          	5.469278e-04
1315          	5.469268e-04
1316          	5.469259e-04
1317          	5.469249e-04
1318          	5.469239e-04
1319          	5.469230e-04
1320          	5.469220e-04
1321          	5.469211e-04
1322          	5.469202e-04
1323          	5.469193e-04
1324          	5.469184e-04
1325          	5.469176e-04
1326          	5.469167e-04
1327          	5.469158e-04
1328          	5.469150e-04
1329          	5.469142e-04
1330          	5.469133e-04
1331          	5.469125e-04
1332          	5.469117e-04
1333          	5.469109e-04
1334          	5.469102e-04
1335          	5.469094e-04
1336          	5.469086e-04
1337          	5.469079e-04
1338          	5.469071e-04
1339          	5.469064e-04
1340          	5.469057e-04
1341          	5.469050e-04
1342          	5.469043e-04
1343          	5.469036e-04
1344          	5.469029e-04
1345          	5.469022e-04
1346          	5.469015e-04
1347          	5.469009e-04
1348          	5.469002e-04
1349          	5.468996e-04
1350          	5.468989e-04
1351          	5.468983e-04
1352          	5.468977e-04
1353          	5.468971e-04
1354          	5.468965e-04
1355          	5.468959e-04
1356          	5.468953e-04
1357          	5.468947e-04
1358          	5.468941e-04
1359          	5.468936e-04
1360          	5.468930e-04
1361          	5.468925e-04
1362          	5.468919e-04
1363          	5.468914e-04
1364          	5.468909e-04
1365          	5.468904e-04
1366          	5.468899e-04
1367          	5.468894e-04
1368          	5.468889e-04
1369          	5.468884e-04
1370          	5.468879e-04
1371          	5.468875e-04
1372          	5.468870e-04
1373          	5.468866e-04
1374          	5.468861e-04
1375          	5.468857e-04
1376          	5.468853e-04
1377          	5.468848e-04
1378          	5.468844e-04
1379          	5.468840e-04
1380          	5.468836e-04
1381          	5.468832e-04
1382          	5.468829e-04
1383          	5.468825e-04
1384          	5.468821e-04
1385          	5.468817e-04
1386          	5.468814e-04
1387          	5.468810e-04
1388          	5.468807e-04
1389          	5.468804e-04
1390          	5.468800e-04
1391          	5.468797e-04
1392          	5.468794e-04
1393          	5.468791e-04
1394          	5.468788e-04
1395          	5.468785e-04
1396          	5.468782e-04
1397          	5.468779e-04
1398          	5.468777e-04
1399          	5.468774e-04
1400          	5.468771e-04
1401          	5.468769e-04
1402          	5.468766e-04
1403          	5.468764e-04
1404          	5.468761e-04
1405          	5.468759e-04
1406          	5.468757e-04
1407          	5.468754e-04
1408          	5.468752e-04
1409          	5.468750e-04
1410          	5.468748e-04
1411          	5.468746e-04
1412          	5.468744e-04
1413          	5.468742e-04
1414          	5.468740e-04
1415          	5.468738e-04
1416          	5.468736e-04
1417          	5.468734e-04
1418          	5.468732e-04
1419          	5.468731e-04
1420          	5.468729e-04
1421          	5.468727e-04
1422          	5.468726e-04
1423          	5.468724e-04
1424          	5.468723e-04
1425          	5.468721e-04
1426          	5.468720e-04
1427          	5.468719e-04
1428          	5.468717e-04
1429          	5.468716e-04
1430          	5.468715e-04
1431          	5.468713e-04
1432          	5.468712e-04
1433          	5.468711e-04
1434          	5.468710e-04
1435          	5.468709e-04
1436          	5.468708e-04
1437          	5.468707e-04
1438          	5.468706e-04
1439          	5.468705e-04
1440          	5.468704e-04
1441          	5.468703e-04
1442          	5.468702e-04
1443          	5.468701e-04
1444          	5.468700e-04
1445          	5.468699e-04
1446          	5.468698e-04
1447          	5.468697e-04
1448          	5.468696e-04
1449          	5.468696e-04
1450          	5.468695e-04
1451          	5.468694e-04
1452          	5.468693e-04
1453          	5.468692e-04
1454          	5.468692e-04
1455          	5.468691e-04
1456          	5.468690e-04
1457          	5.468689e-04
1458          	5.468689e-04
1459          	5.468688e-04
1460          	5.468687e-04
1461          	5.468687e-04
1462          	5.468686e-04
1463          	5.468685e-04
1464          	5.468684e-04
1465          	5.468684e-04
1466          	5.468683e-04
1467          	5.468682e-04
1468          	5.468681e-04
1469          	5.468681e-04
1470          	5.468680e-04
1471          	5.468679e-04
1472          	5.468678e-04
1473          	5.468678e-04
1474          	5.468677e-04
1475          	5.468676e-04
1476          	5.468675e-04
1477          	5.468674e-04
1478          	5.468674e-04
1479          	5.468673e-04
1480          	5.468672e-04
1481          	5.468671e-04
1482          	5.468670e-04
1483          	5.468669e-04
1484          	5.468668e-04
1485          	5.468667e-04
1486          	5.468666e-04
1487          	5.468665e-04
1488          	5.468664e-04
1489          	5.468663e-04
1490          	5.468662e-04
1491          	5.468661e-04
1492          	5.468660e-04
1493          	5.468659e-04
1494          	5.468657e-04
1495          	5.468656e-04
1496          	5.468655e-04
1497          	5.468654e-04
1498          	5.468652e-04
1499          	5.468651e-04
1500          	5.468650e-04
1501          	5.468648e-04
1502          	5.468647e-04
1503          	5.468645e-04
1504          	5.468644e-04
1505          	5.468642e-04
1506          	5.468641e-04
1507          	5.468639e-04
1508          	5.468637e-04
1509          	5.468636e-04
1510          	5.468634e-04
1511          	5.468632e-04
1512          	5.468631e-04
1513          	5.468629e-04
1514          	5.468627e-04
1515          	5.468625e-04
1516          	5.468623e-04
1517          	5.468621e-04
1518          	5.468619e-04
1519          	5.468617e-04
1520          	5.468615e-04
1521          	5.468613e-04
1522          	5.468611e-04
1523          	5.468609e-04
1524          	5.468606e-04
1525          	5.468604e-04
1526          	5.468602e-04
1527          	5.468600e-04
1528          	5.468597e-04
1529          	5.468595e-04
1530          	5.468593e-04
1531          	5.468590e-04
1532          	5.468588e-04
1533          	5.468585e-04
1534          	5.468583e-04
1535          	5.468580e-04
1536          	5.468578e-04
1537          	5.468575e-04
1538          	5.468572e-04
1539          	5.468570e-04
1540          	5.468567e-04
1541          	5.468564e-04
1542          	5.468561e-04
1543          	5.468559e-04
1544          	5.468556e-04
1545          	5.468553e-04
1546          	5.468550e-04
1547          	5.468547e-04
1548          	5.468544e-04
1549          	5.468542e-04
1550          	5.468539e-04
1551          	5.468536e-04
1552          	5.468533e-04
1553          	5.468530e-04
1554          	5.468526e-04
1555          	5.468523e-04
1556          	5.468520e-04
1557          	5.468517e-04
1558          	5.468514e-04
1559          	5.468511e-04
1560          	5.468508e-04
1561          	5.468505e-04
1562          	5.468501e-04
1563          	5.468498e-04
1564          	5.468495e-04
1565          	5.468492e-04
1566          	5.468488e-04
1567          	5.468485e-04
1568          	5.468482e-04
1569          	5.468478e-04
1570          	5.468475e-04
1571          	5.468472e-04
1572          	5.468468e-04
1573          	5.468465e-04
1574          	5.468461e-04
1575          	5.468458e-04
1576          	5.468455e-04
1577          	5.468451e-04
1578          	5.468448e-04
1579          	5.468444e-04
1580          	5.468441e-04
1581          	5.468437e-04
1582          	5.468434e-04
1583          	5.468430e-04
1584          	5.468427e-04
1585          	5.468423e-04
1586          	5.468420e-04
1587          	5.468416e-04
1588          	5.468412e-04
1589          	5.468409e-04
1590          	5.468405e-04
1591          	5.468402e-04
1592          	5.468398e-04
1593          	5.468394e-04
1594          	5.468391e-04
1595          	5.468387e-04
1596          	5.468384e-04
1597          	5.468380e-04
1598          	5.468376e-04
1599          	5.468373e-04
1600          	5.468369e-04
1601          	5.468365e-04
1602          	5.468362e-04
1603          	5.468358e-04
1604          	5.468354e-04
1605          	5.468350e-04
1606          	5.468347e-04
1607          	5.468343e-04
1608          	5.468339e-04
1609          	5.468336e-04
1610          	5.468332e-04
1611          	5.468328e-04
1612          	5.468325e-04
1613          	5.468321e-04
1614          	5.468317e-04
1615          	5.468314e-04
1616          	5.468310e-04
1617          	5.468306e-04
1618          	5.468303e-04
1619          	5.468299e-04
1620          	5.468295e-04
1621          	5.468292e-04
1622          	5.468288e-04
1623          	5.468285e-04
1624          	5.468281e-04
1625          	5.468277e-04
1626          	5.468274e-04
1627          	5.468270e-04
1628          	5.468267e-04
1629          	5.468263e-04
1630          	5.468260e-04
1631          	5.468257e-04
1632          	5.468253e-04
1633          	5.468250e-04
1634          	5.468246e-04
1635          	5.468243e-04
1636          	5.468239e-04
1637          	5.468236e-04
1638          	5.468233e-04
1639          	5.468229e-04
1640          	5.468226e-04
1641          	5.468223e-04
1642          	5.468219e-04
1643          	5.468216e-04
1644          	5.468213e-04
1645          	5.468210e-04
1646          	5.468206e-04
1647          	5.468203e-04
1648          	5.468200e-04
1649          	5.468197e-04
1650          	5.468193e-04
1651          	5.468190e-04
1652          	5.468187e-04
1653          	5.468184e-04
1654          	5.468181e-04
1655          	5.468177e-04
1656          	5.468174e-04
1657          	5.468171e-04
1658          	5.468168e-04
1659          	5.468165e-04
1660          	5.468162e-04
1661          	5.468158e-04
1662          	5.468155e-04
1663          	5.468152e-04
1664          	5.468149e-04
1665          	5.468146e-04
1666          	5.468143e-04
1667          	5.468140e-04
1668          	5.468137e-04
1669          	5.468134e-04
1670          	5.468131e-04
1671          	5.468128e-04
1672          	5.468125e-04
1673          	5.468122e-04
1674          	5.468119e-04
1675          	5.468116e-04
1676          	5.468113e-04
1677          	5.468110e-04
1678          	5.468107e-04
1679          	5.468104e-04
1680          	5.468101e-04
1681          	5.468098e-04
1682          	5.468095e-04
1683          	5.468092e-04
1684          	5.468089e-04
1685          	5.468086e-04
1686          	5.468083e-04
1687          	5.468080e-04
1688          	5.468077e-04
1689          	5.468074e-04
1690          	5.468071e-04
1691          	5.468068e-04
1692          	5.468065e-04
1693          	5.468063e-04
1694          	5.468060e-04
1695          	5.468057e-04
1696          	5.468054e-04
1697          	5.468051e-04
1698          	5.468048e-04
1699          	5.468045e-04
1700          	5.468042e-04
1701          	5.468040e-04
1702          	5.468037e-04
1703          	5.468034e-04
1704          	5.468031e-04
1705          	5.468028e-04
1706          	5.468025e-04
1707          	5.468023e-04
1708          	5.468020e-04
1709          	5.468017e-04
1710          	5.468014e-04
1711          	5.468011e-04
1712          	5.468009e-04
1713          	5.468006e-04
1714          	5.468003e-04
1715          	5.468000e-04
1716          	5.467998e-04
1717          	5.467995e-04
1718          	5.467992e-04
1719          	5.467989e-04
1720          	5.467987e-04
1721          	5.467984e-04
1722          	5.467981e-04
1723          	5.467978e-04
1724          	5.467976e-04
1725          	5.467973e-04
1726          	5.467970e-04
1727          	5.467967e-04
1728          	5.467965e-04
1729          	5.467962e-04
1730          	5.467959e-04
1731          	5.467956e-04
1732          	5.467953e-04
1733          	5.467949e-04
1734          	5.467946e-04
1735          	5.467942e-04
1736          	5.467939e-04
1737          	5.467935e-04
1738          	5.467931e-04
1739          	5.467928e-04
1740          	5.467924e-04
1741          	5.467920e-04
1742          	5.467916e-04
1743          	5.467912e-04
1744          	5.467908e-04
1745          	5.467905e-04
1746          	5.467901e-04
1747          	5.467897e-04
1748          	5.467893e-04
1749          	5.467890e-04
1750          	5.467886e-04
1751          	5.467883e-04
1752          	5.467879e-04
1753          	5.467876e-04
1754          	5.467872e-04
1755          	5.467869e-04
1756          	5.467866e-04
1757          	5.467863e-04
1758          	5.467860e-04
1759          	5.467856e-04
1760          	5.467853e-04
1761          	5.467850e-04
1762          	5.467848e-04
1763          	5.467845e-04
1764          	5.467842e-04
1765          	5.467839e-04
1766          	5.467836e-04
1767          	5.467833e-04
1768          	5.467831e-04
1769          	5.467828e-04
1770          	5.467825e-04
1771          	5.467823e-04
1772          	5.467820e-04
1773          	5.467818e-04
1774          	5.467815e-04
1775          	5.467813e-04
1776          	5.467810e-04
1777          	5.467808e-04
1778          	5.467806e-04
1779          	5.467803e-04
1780          	5.467801e-04
1781          	5.467798e-04
1782          	5.467796e-04
1783          	5.467794e-04
1784          	5.467792e-04
1785          	5.467789e-04
1786          	5.467787e-04
1787          	5.467785e-04
1788          	5.467783e-04
1789          	5.467781e-04
1790          	5.467778e-04
1791          	5.467776e-04
1792          	5.467774e-04
1793          	5.467772e-04
1794          	5.467770e-04
1795          	5.467768e-04
1796          	5.467766e-04
1797          	5.467765e-04
1798          	5.467763e-04
1799          	5.467761e-04
1800          	5.467760e-04
1801          	5.467758e-04
1802          	5.467757e-04
1803          	5.467756e-04
1804          	5.467755e-04
1805          	5.467754e-04
1806          	5.467753e-04
1807          	5.467752e-04
1808          	5.467752e-04
1809          	5.467751e-04
1810          	5.467751e-04
1811          	5.467751e-04
1812          	5.467751e-04
1813          	5.467751e-04
1814          	5.467750e-04
1815          	5.467750e-04
1816          	5.467750e-04
1817          	5.467750e-04
1818          	5.467751e-04
1819          	5.467751e-04
1820          	5.467751e-04
1821          	5.467751e-04
1822          	5.467751e-04
1823          	5.467751e-04
1824          	5.467751e-04
1825          	5.467752e-04
1826          	5.467752e-04
1827          	5.467752e-04
1828          	5.467752e-04
1829          	5.467752e-04
1830          	5.467752e-04
1831          	5.467753e-04
1832          	5.467753e-04
1833          	5.467753e-04
1834          	5.467753e-04
1835          	5.467753e-04
1836          	5.467753e-04
1837          	5.467753e-04
1838          	5.467753e-04
1839          	5.467753e-04
1840          	5.467753e-04
1841          	5.467753e-04
1842          	5.467753e-04
1843          	5.467753e-04
1844          	5.467753e-04
1845          	5.467753e-04
1846          	5.467753e-04
1847          	5.467753e-04
1848          	5.467753e-04
1849          	5.467753e-04
1850          	5.467753e-04
1851          	5.467752e-04
1852          	5.467752e-04
1853          	5.467752e-04
1854          	5.467752e-04
1855          	5.467752e-04
1856          	5.467751e-04
1857          	5.467751e-04
1858          	5.467751e-04
1859          	5.467751e-04
1860          	5.467750e-04
1861          	5.467750e-04
1862          	5.467750e-04
1863          	5.467749e-04
1864          	5.467749e-04
1865          	5.467749e-04
1866          	5.467748e-04
1867          	5.467748e-04
1868          	5.467748e-04
1869          	5.467747e-04
1870          	5.467747e-04
1871          	5.467746e-04
1872          	5.467746e-04
1873          	5.467745e-04
1874          	5.467745e-04
1875          	5.467744e-04
1876          	5.467744e-04
1877          	5.467743e-04
1878          	5.467743e-04
1879          	5.467742e-04
1880          	5.467742e-04
1881          	5.467741e-04
1882          	5.467741e-04
1883          	5.467740e-04
1884          	5.467739e-04
1885          	5.467739e-04
1886          	5.467738e-04
1887          	5.467738e-04
1888          	5.467737e-04
1889          	5.467736e-04
1890          	5.467736e-04
1891          	5.467735e-04
1892          	5.467734e-04
1893          	5.467734e-04
1894          	5.467733e-04
1895          	5.467732e-04
1896          	5.467732e-04
1897          	5.467731e-04
1898          	5.467730e-04
1899          	5.467729e-04
1900          	5.467729e-04
1901          	5.467728e-04
1902          	5.467727e-04
1903          	5.467726e-04
1904          	5.467726e-04
1905          	5.467725e-04
1906          	5.467724e-04
1907          	5.467723e-04
1908          	5.467723e-04
1909          	5.467722e-04
1910          	5.467721e-04
1911          	5.467720e-04
1912          	5.467719e-04
1913          	5.467719e-04
1914          	5.467718e-04
1915          	5.467717e-04
1916          	5.467716e-04
1917          	5.467716e-04
1918          	5.467715e-04
1919          	5.467714e-04
1920          	5.467713e-04
1921          	5.467713e-04
1922          	5.467712e-04
1923          	5.467711e-04
1924          	5.467711e-04
1925          	5.467710e-04
1926          	5.467710e-04
1927          	5.467709e-04
1928          	5.467709e-04
1929          	5.467708e-04
1930          	5.467708e-04
1931          	5.467708e-04
1932          	5.467708e-04
1933          	5.467708e-04
1934          	5.467708e-04
1935          	5.467707e-04
1936          	5.467708e-04
1937          	5.467708e-04
1938          	5.467708e-04
1939          	5.467708e-04
1940          	5.467708e-04
1941          	5.467708e-04
1942          	5.467708e-04
1943          	5.467708e-04
1944          	5.467709e-04
1945          	5.467709e-04
1946          	5.467709e-04
1947          	5.467709e-04
1948          	5.467710e-04
1949          	5.467710e-04
1950          	5.467710e-04
1951          	5.467710e-04
1952          	5.467710e-04
1953          	5.467711e-04
1954          	5.467711e-04
1955          	5.467711e-04
1956          	5.467711e-04
1957          	5.467712e-04
1958          	5.467712e-04
1959          	5.467712e-04
1960          	5.467712e-04
1961          	5.467712e-04
1962          	5.467712e-04
1963          	5.467712e-04
1964          	5.467713e-04
1965          	5.467713e-04
1966          	5.467713e-04
1967          	5.467713e-04
1968          	5.467713e-04
1969          	5.467713e-04
1970          	5.467713e-04
1971          	5.467713e-04
1972          	5.467713e-04
1973          	5.467713e-04
1974          	5.467713e-04
1975          	5.467713e-04
1976          	5.467713e-04
1977          	5.467713e-04
1978          	5.467713e-04
1979          	5.467713e-04
1980          	5.467713e-04
1981          	5.467713e-04
1982          	5.467713e-04
1983          	5.467713e-04
1984          	5.467713e-04
1985          	5.467713e-04
1986          	5.467713e-04
1987          	5.467713e-04
1988          	5.467712e-04
1989          	5.467712e-04
1990          	5.467712e-04
1991          	5.467712e-04
1992          	5.467712e-04
1993          	5.467712e-04
1994          	5.467711e-04
1995          	5.467711e-04
1996          	5.467711e-04
1997          	5.467711e-04
1998          	5.467711e-04
1999          	5.467710e-04
2000          	5.467710e-04
2001          	5.467710e-04
2002          	5.467710e-04
2003          	5.467709e-04
2004          	5.467709e-04
2005          	5.467709e-04
2006          	5.467708e-04
2007          	5.467708e-04
2008          	5.467708e-04
2009          	5.467707e-04
2010          	5.467707e-04
2011          	5.467707e-04
2012          	5.467706e-04
2013          	5.467706e-04
2014          	5.467706e-04
2015          	5.467705e-04
2016          	5.467705e-04
2017          	5.467705e-04
2018          	5.467704e-04
2019          	5.467704e-04
2020          	5.467703e-04
2021          	5.467703e-04
2022          	5.467703e-04
2023          	5.467702e-04
2024          	5.467702e-04
2025          	5.467701e-04
2026          	5.467701e-04
2027          	5.467700e-04
2028          	5.467700e-04
2029          	5.467699e-04
2030          	5.467699e-04
2031          	5.467698e-04
2032          	5.467698e-04
2033          	5.467698e-04
2034          	5.467697e-04
2035          	5.467697e-04
2036          	5.467696e-04
2037          	5.467696e-04
2038          	5.467696e-04
2039          	5.467695e-04
2040          	5.467695e-04
2041          	5.467695e-04
2042          	5.467694e-04
2043          	5.467694e-04
2044          	5.467694e-04
2045          	5.467694e-04
2046          	5.467694e-04
2047          	5.467693e-04
2048          	5.467693e-04
2049          	5.467694e-04
2050          	5.467694e-04
2051          	5.467694e-04
2052          	5.467694e-04
2053          	5.467695e-04
2054          	5.467695e-04
2055          	5.467695e-04
2056          	5.467696e-04
2057          	5.467696e-04
2058          	5.467697e-04
2059          	5.467697e-04
2060          	5.467698e-04
2061          	5.467699e-04
2062          	5.467699e-04
2063          	5.467700e-04
2064          	5.467701e-04
2065          	5.467701e-04
2066          	5.467702e-04
2067          	5.467703e-04
2068          	5.467703e-04
2069          	5.467704e-04
2070          	5.467705e-04
2071          	5.467706e-04
2072          	5.467706e-04
2073          	5.467707e-04
2074          	5.467708e-04
2075          	5.467708e-04
2076          	5.467709e-04
2077          	5.467709e-04
2078          	5.467710e-04
2079          	5.467711e-04
2080          	5.467711e-04
2081          	5.467712e-04
2082          	5.467713e-04
2083          	5.467713e-04
2084          	5.467714e-04
2085          	5.467714e-04
2086          	5.467715e-04
2087          	5.467715e-04
2088          	5.467716e-04
2089          	5.467716e-04
2090          	5.467717e-04
2091          	5.467717e-04
2092          	5.467718e-04
2093          	5.467718e-04
2094          	5.467718e-04
2095          	5.467719e-04
2096          	5.467719e-04
2097          	5.467720e-04
2098          	5.467720e-04
2099          	5.467720e-04
2100          	5.467721e-04
2101          	5.467721e-04
2102          	5.467721e-04
2103          	5.467722e-04
2104          	5.467722e-04
2105          	5.467722e-04
2106          	5.467723e-04
2107          	5.467723e-04
2108          	5.467723e-04
2109          	5.467723e-04
2110          	5.467724e-04
2111          	5.467724e-04
2112          	5.467724e-04
2113          	5.467724e-04
2114          	5.467724e-04
2115          	5.467725e-04
2116          	5.467725e-04
2117          	5.467725e-04
2118          	5.467725e-04
2119          	5.467725e-04
2120          	5.467725e-04
2121          	5.467725e-04
2122          	5.467726e-04
2123          	5.467726e-04
2124          	5.467726e-04
2125          	5.467726e-04
2126          	5.467726e-04
2127          	5.467726e-04
2128          	5.467726e-04
2129          	5.467726e-04
2130          	5.467726e-04
2131          	5.467726e-04
2132          	5.467726e-04
2133          	5.467726e-04
2134          	5.467726e-04
2135          	5.467726e-04
2136          	5.467726e-04
2137          	5.467726e-04
2138          	5.467726e-04
2139          	5.467726e-04
2140          	5.467726e-04
2141          	5.467726e-04
2142          	5.467726e-04
2143          	5.467726e-04
2144          	5.467726e-04
2145          	5.467725e-04
2146          	5.467725e-04
2147          	5.467725e-04
2148          	5.467725e-04
2149          	5.467725e-04
2150          	5.467725e-04
2151          	5.467725e-04
2152          	5.467725e-04
2153          	5.467724e-04
2154          	5.467724e-04
2155          	5.467724e-04
2156          	5.467724e-04
2157          	5.467724e-04
2158          	5.467724e-04
2159          	5.467723e-04
2160          	5.467723e-04
2161          	5.467723e-04
2162          	5.467723e-04
2163          	5.467723e-04
2164          	5.467722e-04
2165          	5.467722e-04
2166          	5.467722e-04
2167          	5.467722e-04
2168          	5.467722e-04
2169          	5.467721e-04
2170          	5.467721e-04
2171          	5.467721e-04
2172          	5.467721e-04
2173          	5.467720e-04
2174          	5.467720e-04
2175          	5.467720e-04
2176          	5.467720e-04
2177          	5.467719e-04
2178          	5.467719e-04
2179          	5.467719e-04
2180          	5.467718e-04
2181          	5.467718e-04
2182          	5.467718e-04
2183          	5.467717e-04
2184          	5.467717e-04
2185          	5.467717e-04
2186          	5.467717e-04
2187          	5.467716e-04
2188          	5.467716e-04
2189          	5.467716e-04
2190          	5.467715e-04
2191          	5.467715e-04
2192          	5.467715e-04
2193          	5.467715e-04
2194          	5.467714e-04
2195          	5.467714e-04
2196          	5.467714e-04
2197          	5.467714e-04
2198          	5.467713e-04
2199          	5.467713e-04
2200          	5.467713e-04
2201          	5.467713e-04
2202          	5.467712e-04
2203          	5.467712e-04
2204          	5.467712e-04
2205          	5.467711e-04
2206          	5.467711e-04
2207          	5.467711e-04
2208          	5.467711e-04
2209          	5.467710e-04
2210          	5.467710e-04
2211          	5.467710e-04
2212          	5.467709e-04
2213          	5.467709e-04
2214          	5.467709e-04
2215          	5.467708e-04
2216          	5.467708e-04
2217          	5.467708e-04
2218          	5.467707e-04
2219          	5.467707e-04
2220          	5.467707e-04
2221          	5.467706e-04
2222          	5.467706e-04
2223          	5.467706e-04
2224          	5.467705e-04
2225          	5.467705e-04
2226          	5.467705e-04
2227          	5.467704e-04
2228          	5.467704e-04
2229          	5.467704e-04
2230          	5.467703e-04
2231          	5.467703e-04
2232          	5.467702e-04
2233          	5.467702e-04
2234          	5.467702e-04
2235          	5.467701e-04
2236          	5.467701e-04
2237          	5.467701e-04
2238          	5.467700e-04
2239          	5.467700e-04
2240          	5.467700e-04
2241          	5.467699e-04
2242          	5.467699e-04
2243          	5.467699e-04
2244          	5.467699e-04
2245          	5.467698e-04
2246          	5.467698e-04
2247          	5.467698e-04
2248          	5.467698e-04
2249          	5.467698e-04
2250          	5.467697e-04
2251          	5.467697e-04
2252          	5.467697e-04
2253          	5.467697e-04
2254          	5.467697e-04
2255          	5.467697e-04
2256          	5.467697e-04
2257          	5.467697e-04
2258          	5.467697e-04
2259          	5.467697e-04
2260          	5.467697e-04
2261          	5.467697e-04
2262          	5.467697e-04
2263          	5.467697e-04
2264          	5.467697e-04
2265          	5.467697e-04
2266          	5.467697e-04
2267          	5.467697e-04
2268          	5.467697e-04
2269          	5.467697e-04
2270          	5.467697e-04
2271          	5.467697e-04
2272          	5.467697e-04
2273          	5.467697e-04
2274          	5.467697e-04
2275          	5.467697e-04
2276          	5.467697e-04
2277          	5.467697e-04
2278          	5.467697e-04
2279          	5.467697e-04
2280          	5.467697e-04
2281          	5.467697e-04
2282          	5.467696e-04
2283          	5.467696e-04
2284          	5.467696e-04
2285          	5.467696e-04
2286          	5.467696e-04
2287          	5.467696e-04
2288          	5.467696e-04
2289          	5.467696e-04
2290          	5.467696e-04
2291          	5.467696e-04
2292          	5.467696e-04
2293          	5.467696e-04
2294          	5.467696e-04
2295          	5.467696e-04
2296          	5.467696e-04
2297          	5.467696e-04
2298          	5.467696e-04
2299          	5.467695e-04
2300          	5.467695e-04
2301          	5.467695e-04
2302          	5.467695e-04
2303          	5.467695e-04
2304          	5.467695e-04
2305          	5.467695e-04
2306          	5.467695e-04
2307          	5.467695e-04
2308          	5.467694e-04
2309          	5.467694e-04
2310          	5.467694e-04
2311          	5.467694e-04
2312          	5.467694e-04
2313          	5.467694e-04
2314          	5.467694e-04
2315          	5.467694e-04
2316          	5.467693e-04
2317          	5.467693e-04
2318          	5.467693e-04
2319          	5.467693e-04
2320          	5.467693e-04
2321          	5.467693e-04
2322          	5.467692e-04
2323          	5.467692e-04
2324          	5.467692e-04
2325          	5.467692e-04
2326          	5.467692e-04
2327          	5.467692e-04
2328          	5.467691e-04
2329          	5.467691e-04
2330          	5.467691e-04
2331          	5.467691e-04
2332          	5.467691e-04
2333          	5.467690e-04
2334          	5.467690e-04
2335          	5.467690e-04
2336          	5.467690e-04
2337          	5.467689e-04
2338          	5.467689e-04
2339          	5.467689e-04
2340          	5.467689e-04
2341          	5.467689e-04
2342          	5.467688e-04
2343          	5.467688e-04
2344          	5.467688e-04
2345          	5.467688e-04
2346          	5.467687e-04
2347          	5.467687e-04
2348          	5.467687e-04
2349          	5.467687e-04
2350          	5.467686e-04
2351          	5.467686e-04
2352          	5.467686e-04
2353          	5.467686e-04
2354          	5.467685e-04
2355          	5.467685e-04
2356          	5.467685e-04
2357          	5.467685e-04
2358          	5.467684e-04
2359          	5.467684e-04
2360          	5.467684e-04
2361          	5.467683e-04
2362          	5.467683e-04
2363          	5.467683e-04
2364          	5.467683e-04
2365          	5.467682e-04
2366          	5.467682e-04
2367          	5.467682e-04
2368          	5.467681e-04
2369          	5.467681e-04
2370          	5.467681e-04
2371          	5.467681e-04
2372          	5.467680e-04
2373          	5.467680e-04
2374          	5.467680e-04
2375          	5.467679e-04
2376          	5.467679e-04
2377          	5.467679e-04
2378          	5.467678e-04
2379          	5.467678e-04
2380          	5.467678e-04
2381          	5.467677e-04
2382          	5.467677e-04
2383          	5.467677e-04
2384          	5.467677e-04
2385          	5.467676e-04
2386          	5.467676e-04
2387          	5.467676e-04
2388          	5.467675e-04
2389          	5.467675e-04
2390          	5.467675e-04
2391          	5.467674e-04
2392          	5.467674e-04
2392          	5.467674e-04
